100000.000000 2022-03-05-14:58:55 1 2
100000.000000 100000.000000 2022 3 5 20220305 145910 2022-03-05-14:59:10 1
10000.000000 2022-03-04-11:09:07 1 2
10000.000000 10000.000000 2022 3 4 20220304 110922 2022-03-04-11:09:22 1
102100.000000 2022-03-03-13:03:03 1 5
1000.000000 1000.000000 2022 3 3 20220303 130316 2022-03-03-13:03:16 1
100000.000000 101000.000000 2022 3 3 20220303 132520 2022-03-03-13:25:20 1
1000.000000 102000.000000 2022 3 4 20220304 105707 2022-03-04-10:57:07 1
100.000000 102100.000000 2022 3 5 20220305 143912 2022-03-05-14:39:12 1
0.000000 2022-03-04-11:43:50 1 1
100000.000000 2022-03-03-13:52:01 1 2
100000.000000 100000.000000 2022 3 3 20220303 135216 2022-03-03-13:52:16 1
0.000000 2022-03-04-11:19:43 1 1
0.000000 2022-03-04-11:19:57 1 1
